Count: 3000
Mean: 1.8790659927977443e+20
Median: 1.88008049965543e+20
Mode: #N/A
Standard_deviation: 1.0739995165766761e+20
Execution_time: 0.0019965171813964844
